week starting 2016-12-04
 sun  mon  tue  wed  thu  fri  sat tot
 0.0  0.1  0.0  0.0  0.0  0.0  0.0  0.1 greycroft
 0.0  0.0  3.4  0.0  0.0  0.0  0.0  3.4 mck
 0.0  1.0  0.0  0.0  0.0  0.0  0.0  1.0 blumberg
 0.0  0.1  0.5  0.0  0.0  0.0  0.0  0.6 amcapital
 0.0  1.4  0.0  0.0  0.0  0.0  0.0  1.4 windows10
 0.0  2.5  1.1  0.0  0.0  0.0  0.0  3.6 7chord
 0.0  0.8  0.4  0.0  0.0  0.0  0.0  1.2 hpi
 0.0  0.0  0.7  0.0  0.0  0.0  0.0  0.7 joanna
 4.1  1.6  0.0  0.0  0.0  0.0  0.0  5.7 timereport
 0.0  0.6  0.0  0.0  0.0  0.0  0.0  0.6 dsc
 4.1  8.1  6.0  0.0  0.0  0.0  0.0 18.2 TOTALS

==================================================
lap: **End Program**
cumulative 0:00:00.103 cpu 0:00:00.103 wallclock
lap        0:00:00.103 cpu 0:00:00.103 wallclock
==================================================

